0.000000 115.113266
0.005805 70.032555
0.011610 48.390339
0.017415 60.613636
0.023220 47.885593
0.029025 47.492641
0.034830 48.580750
0.040635 49.627155
0.046440 50.385292
0.052245 51.416691
0.058050 51.519676
0.063855 51.885895
0.069660 51.937283
0.075465 52.083992
0.081270 52.811054
0.087075 52.569130
0.092880 53.012024
0.098685 53.451153
0.104490 53.324745
0.110295 53.971817
0.116100 54.016705
0.121905 54.207508
0.127710 54.835190
0.133515 54.650333
0.139320 55.127953
0.145125 55.105358
0.150930 55.953922
0.156735 55.963779
0.162540 55.890362
0.168345 56.756371
0.174150 56.817619
0.179955 56.712955
0.185760 57.556461
0.191565 57.661121
0.197370 57.555389
0.203175 58.384995
0.208980 58.497093
0.214785 58.420837
0.220590 59.241432
0.226395 59.327679
0.232200 59.310886
0.238005 60.099964
0.243810 60.156231
0.249615 60.235569
0.255419 60.945591
0.261224 61.001259
0.267029 61.199169
0.272834 61.768810
0.278639 61.869835
0.284444 62.201691
0.290249 62.604763
0.296054 62.774071
0.301859 63.169941
0.307664 63.460892
0.313469 63.713448
0.319274 64.085983
0.325079 64.389717
0.330884 64.681252
0.336689 65.000885
0.342494 65.350121
0.348299 65.595398
0.354104 65.962334
0.359909 66.326462
0.365714 66.525215
0.371519 66.958710
0.377324 67.225021
0.383129 67.553780
0.388934 67.991669
0.394739 68.125519
0.400544 68.592476
0.406349 68.895462
0.412154 69.203712
0.417959 69.670395
0.423764 69.798523
0.429569 70.267937
0.435374 70.559006
0.441179 70.913261
0.446984 71.361328
0.452789 71.539566
0.458594 71.991859
0.464399 72.250153
0.470204 72.661873
0.476009 73.057739
0.481814 73.368835
0.487619 73.776840
0.493424 74.046669
0.499229 74.422775
0.505034 74.776009
0.510839 75.152267
0.516644 75.548912
0.522449 75.921989
0.528254 76.277626
0.534059 76.593155
0.539864 77.094414
0.545669 77.330223
0.551474 77.856514
0.557279 78.097824
0.563084 78.570679
0.568889 78.891228
0.574694 79.272102
0.580499 79.703186
0.586304 79.994202
0.592109 80.519905
0.597914 80.756012
0.603719 81.320122
0.609524 81.547997
0.615329 82.101547
0.621134 82.357170
0.626939 82.880760
0.632744 83.177361
0.638549 83.666077
0.644354 84.004021
0.650159 84.461067
0.655964 84.835754
0.661769 85.267448
0.667574 85.673119
0.673379 86.084991
0.679184 86.516785
0.684989 86.912621
0.690794 87.367645
0.696599 87.749886
0.702404 88.226288
0.708209 88.596382
0.714014 89.092194
0.719819 89.452522
0.725624 89.964050
0.731429 90.318901
0.737234 90.838593
0.743039 91.196259
0.748844 91.710938
0.754649 92.089478
0.760454 92.582275
0.766258 93.002609
0.772063 93.465965
0.777869 93.929016
0.783673 94.371422
0.789478 94.857536
0.795283 95.291321
0.801088 95.773125
0.806893 96.210533
0.812698 96.681183
0.818503 97.191978
0.824308 97.643089
0.830113 98.135406
0.835918 98.563728
0.841723 99.101257
0.847528 99.520973
0.853333 100.071411
0.859138 100.523918
0.864943 100.998627
0.870748 101.525009
0.876553 101.944557
0.882358 102.523689
0.888163 102.969948
0.893968 103.486565
0.899773 103.998993
0.905578 104.457596
0.911383 105.016884
0.917188 105.498169
0.922993 106.014465
0.928798 106.532639
0.934603 107.039307
0.940408 107.568085
0.946213 108.079933
0.952018 108.619034
0.957823 109.127815
0.963628 109.661415
0.969433 110.206215
0.975238 110.718742
0.981043 111.275856
0.986848 111.801949
0.992653 112.338142
0.998458 112.909866
1.004263 113.424469
1.010068 113.982895
1.015873 114.558769
1.021678 115.077797
1.027483 115.653625
1.033288 116.223061
1.039093 116.760185
1.044898 117.350922
1.050703 117.905090
1.056508 118.520058
1.062313 119.070396
1.068118 119.672951
1.073923 120.246841
1.079728 120.812576
1.085533 121.410217
1.091338 122.006264
1.097143 122.592964
1.102948 123.159355
1.108753 123.795471
1.114558 124.386215
1.120363 124.964912
1.126168 125.588066
1.131973 126.201912
1.137778 126.808220
1.143583 127.409904
1.149388 128.042130
1.155193 128.657867
1.160998 129.277740
1.166803 129.910217
1.172608 130.535095
1.178413 131.164520
1.184218 131.796967
1.190023 132.451813
1.195828 133.083176
1.201633 133.719513
1.207438 134.370255
1.213243 135.023468
1.219048 135.692139
1.224853 136.323868
1.230658 136.994446
1.236463 137.653976
1.242268 138.322922
1.248073 139.000504
1.253878 139.653687
1.259683 140.381500
1.265488 141.058456
1.271293 141.752823
1.277097 142.433746
1.282902 143.127228
1.288707 143.817505
1.294513 144.499619
1.300317 145.207306
1.306122 145.919632
1.311927 146.622681
1.317732 147.330963
1.323537 148.043762
1.329342 148.756439
1.335147 149.475891
1.340952 150.203781
1.346757 150.930405
1.352562 151.659210
1.358367 152.392746
1.364172 153.129471
1.369977 153.869034
1.375782 154.614517
1.381587 155.367371
1.387392 156.120911
1.393197 156.872955
1.399002 157.627151
1.404807 158.387436
1.410612 159.154327
1.416417 159.926147
1.422222 160.700943
1.428027 161.533371
1.433832 162.314789
1.439637 163.100647
1.445442 163.890396
1.451247 164.683411
1.457052 165.479874
1.462857 166.280014
1.468662 167.084000
1.474467 167.891891
1.480272 168.703705
1.486077 169.519424
1.491882 170.339111
1.497687 171.162796
1.503492 171.990494
1.509297 172.822159
1.515102 173.657806
1.520907 174.497360
1.526712 175.340897
1.532517 176.188507
1.538322 177.040161
1.544127 177.895905
1.549932 178.755661
1.555737 179.619385
1.561542 180.486938
1.567347 181.358124
1.573152 182.232895
1.578957 183.191269
1.584762 184.075897
1.590567 184.964157
1.596372 185.856537
1.602177 186.754028
1.607982 187.657516
1.613787 188.566711
1.619592 189.479187
1.625397 190.392761
1.631202 191.310562
1.637007 192.235123
1.642812 193.164703
1.648617 194.098328
1.654422 195.036652
1.660227 195.978439
1.666032 196.921875
1.671837 197.874191
1.677642 198.833252
1.683447 199.791672
1.689252 200.755692
1.695057 201.726151
1.700862 202.694595
1.706667 203.673920
1.712472 204.750931
1.718277 205.743973
1.724082 206.733078
1.729887 207.730164
1.735692 208.733139
1.741497 209.741653
1.747302 210.758636
1.753107 211.770157
1.758912 212.793655
1.764717 213.821182
1.770522 214.854370
1.776327 215.891174
1.782132 216.933548
1.787936 217.980972
1.793741 219.028259
1.799546 220.090561
1.805351 221.150757
1.811157 222.215271
1.816961 223.286957
1.822766 224.362854
1.828571 225.445618
1.834376 226.648163
1.840181 227.741028
1.845986 228.836594
1.851791 229.939896
1.857596 231.052063
1.863401 232.163223
1.869206 233.282623
1.875011 234.410858
1.880816 235.538879
1.886621 236.675522
1.892426 237.816223
1.898231 238.964417
1.904036 240.114578
1.909841 241.273239
1.915646 242.436539
1.921451 243.600250
1.927256 244.776657
1.933061 245.952835
1.938866 247.276398
1.944671 248.465988
1.950476 249.662567
1.956281 250.865921
1.962086 252.072037
1.967891 253.289795
1.973696 254.506439
1.979501 255.735764
1.985306 256.965576
1.991111 258.204498
1.996916 259.448639
2.002721 260.696777
2.008526 261.954468
2.014331 263.212646
2.020136 264.481812
2.025941 265.751587
2.031746 267.030060
2.037551 268.311951
2.043356 269.767853
2.049161 271.065918
2.054966 272.366455
2.060771 273.679718
2.066576 274.994446
2.072381 276.319244
2.078186 277.649139
2.083991 278.984161
2.089796 280.327271
2.095601 281.675476
2.101406 283.031372
2.107211 284.390900
2.113016 285.758850
2.118821 287.130920
2.124626 288.509338
2.130431 289.893127
2.136236 291.478607
2.142041 292.875763
2.147846 294.283966
2.153651 295.698181
2.159456 297.118683
2.165261 298.545837
2.171066 299.982056
2.176871 301.423370
2.182676 302.871735
2.188481 304.327820
2.194286 305.788147
2.200091 307.255951
2.205896 308.729187
2.211701 310.210602
2.217506 311.918121
2.223311 313.412323
2.229116 314.913422
2.234921 316.424805
2.240726 317.943512
2.246531 319.469452
2.252336 321.003021
2.258141 322.543457
2.263946 324.091431
2.269751 325.647095
2.275556 327.208832
2.281361 328.776611
2.287166 330.350861
2.292970 331.931396
2.298775 333.773010
2.304580 335.369232
2.310385 336.974579
2.316190 338.588745
2.321995 340.211456
2.327801 341.842316
2.333606 343.481079
2.339411 345.127472
2.345215 346.781189
2.351020 348.441925
2.356825 350.109528
2.362630 351.783539
2.368435 353.463562
2.374240 355.438721
2.380045 357.135620
2.385850 358.842499
2.391655 360.558960
2.397460 362.284607
2.403265 364.018555
2.409070 365.760437
2.414875 367.510956
2.420680 369.268951
2.426485 371.033844
2.432290 372.805695
2.438095 374.583313
2.443900 376.691833
2.449705 378.485809
2.455510 380.292267
2.461315 382.107452
2.467120 383.932617
2.472925 385.767670
2.478730 387.611115
2.484535 389.462708
2.490340 391.322693
2.496145 393.189178
2.501950 395.061707
2.507755 396.941559
2.513560 399.190857
2.519365 401.089600
2.525170 403.000854
2.530975 404.922943
2.536780 406.853851
2.542585 408.795197
2.548390 410.744995
2.554195 412.703033
2.560000 414.667572
2.565805 416.640167
2.571610 418.616852
2.577415 421.005371
2.583220 423.004883
2.589025 425.016724
2.594830 427.040161
2.600635 429.073578
2.606440 431.117065
2.612245 433.169250
2.618050 435.229187
2.623855 437.296173
2.629660 439.368561
2.635465 441.891907
2.641270 443.985138
2.647075 446.090942
2.652880 448.210724
2.658685 450.340851
2.664490 452.481720
2.670295 454.631287
2.676100 456.789764
2.681905 458.953979
2.687710 461.123474
2.693515 463.788818
2.699320 465.981781
2.705125 468.188049
2.710930 470.408630
2.716735 472.640350
2.722540 474.882233
2.728345 477.133636
2.734150 479.391754
2.739955 481.655701
2.745760 484.458862
2.751565 486.740601
2.757370 489.039551
2.763175 491.352997
2.768980 493.678894
2.774785 496.016235
2.780590 498.363068
2.786395 500.717163
2.792200 503.076508
2.798005 506.022797
2.803810 508.400177
2.809614 510.795685
2.815419 513.206848
2.821224 515.631409
2.827029 518.067261
2.832834 520.512207
2.838639 522.963745
2.844445 525.419128
2.850250 528.513062
2.856054 530.992981
2.861859 533.491455
2.867664 536.005371
2.873469 538.532043
2.879274 541.069275
2.885079 543.614014
2.890884 546.162598
2.896689 549.399353
2.902494 551.967346
2.908299 554.556763
2.914104 557.163208
2.919909 559.783630
2.925714 562.415100
2.931519 565.053772
2.937324 567.696106
2.943129 571.079712
2.948934 573.742371
2.954739 576.427002
2.960544 579.130188
2.966349 581.847412
2.972154 584.575012
2.977959 587.308533
2.983764 590.043579
2.989569 593.578796
2.995374 596.342651
3.001179 599.128723
3.006984 601.932373
3.012789 604.748718
3.018594 607.573181
3.024399 610.400391
3.030204 614.080627
3.036009 616.925720
3.041814 619.796936
3.047619 622.688904
3.053424 625.595337
3.059229 628.511047
3.065034 631.429565
3.070839 635.260071
3.076644 638.191406
3.082449 641.151978
3.088254 644.135010
3.094059 647.133545
3.099864 650.140869
3.105669 653.150330
3.111474 657.131775
3.117279 660.155884
3.123084 663.211121
3.128889 666.288879
3.134694 669.381348
3.140499 672.480652
3.146304 675.577881
3.152109 679.713135
3.157914 682.838135
3.163719 685.993225
3.169524 689.168701
3.175329 692.355774
3.181134 695.544617
3.186939 699.833069
3.192744 703.027588
3.198549 706.259888
3.204354 709.517822
3.210159 712.791138
3.215964 716.069092
3.221769 720.520020
3.227574 723.786804
3.233379 727.098755
3.239184 730.440979
3.244989 733.801086
3.250794 737.167053
3.256599 740.524719
3.262404 745.124634
3.268209 748.520630
3.274014 751.949951
3.279819 755.397949
3.285624 758.850891
3.291429 763.616638
3.297234 767.050354
3.303039 770.536682
3.308844 774.056458
3.314649 777.593201
3.320453 781.130676
3.326258 786.043945
3.332063 789.576111
3.337868 793.158997
3.343673 796.771790
3.349478 800.396423
3.355283 804.013062
3.361089 809.077576
3.366894 812.717163
3.372698 816.400452
3.378503 820.106140
3.384308 823.813171
3.390113 829.045654
3.395918 832.737732
3.401723 836.488953
3.407528 840.272400
3.413333 844.064758
3.419138 847.840332
3.424943 853.224976
3.430748 857.043884
3.436553 860.904297
3.442358 864.779358
3.448163 868.640930
3.453968 874.181335
3.459773 878.070740
3.465578 882.009094
3.471383 885.965393
3.477188 889.908691
3.482993 895.608215
3.488798 899.574402
3.494603 903.593140
3.500408 907.629944
3.506213 911.649963
3.512018 917.510315
3.517823 921.560486
3.523628 925.662598
3.529433 929.778503
3.535238 935.847229
3.541043 939.894043
3.546848 944.035767
3.552653 948.222961
3.558458 952.413574
3.564263 958.614685
3.570068 962.769592
3.575873 967.007629
3.581678 971.278137
3.587483 975.533569
3.593288 981.877808
3.599093 986.148010
3.604898 990.482056
3.610703 994.827209
3.616508 1001.367493
3.622313 1005.653076
3.628118 1010.038086
3.633923 1014.459595
3.639728 1018.858948
3.645533 1025.527710
3.651338 1029.954224
3.657143 1034.442749
3.662948 1038.928955
3.668753 1045.770874
3.674558 1050.233765
3.680363 1054.783813
3.686168 1059.348633
3.691973 1066.378784
3.697778 1070.878052
3.703583 1075.487549
3.709388 1080.125488
3.715193 1087.345581
3.720998 1091.885986
3.726803 1096.556274
3.732608 1101.264404
3.738413 1108.665283
3.744218 1113.257080
3.750023 1117.991821
3.755828 1122.768433
3.761633 1130.334351
3.767438 1134.991333
3.773243 1139.796021
3.779048 1144.639038
3.784853 1152.353027
3.790658 1157.090454
3.796463 1161.970337
3.802268 1166.875732
3.808073 1174.726440
3.813878 1179.558472
3.819683 1184.516113
3.825488 1189.475708
3.831293 1197.463623
3.837097 1202.399658
3.842902 1207.432617
3.848707 1212.429810
3.854512 1220.575439
3.860317 1225.618042
3.866122 1230.714966
3.871927 1239.085693
3.877733 1244.072266
3.883538 1249.213013
3.889342 1254.349609
3.895147 1262.825928
3.900952 1267.958740
3.906757 1273.175293
3.912562 1281.903320
3.918367 1286.976685
3.924172 1292.230469
3.929977 1297.479004
3.935782 1306.283081
3.941587 1311.536499
3.947392 1316.864502
3.953197 1325.886963
3.959002 1331.107056
3.964807 1336.484131
3.970612 1345.790649
3.976417 1350.948486
3.982222 1356.351074
3.988027 1361.764160
3.993832 1371.062500
3.999637 1376.458984
4.005442 1380.920288
4.011247 1392.332520
4.017052 1394.353638
4.022857 475.230591
4.028662 1397.248291
4.034467 1383.727905
4.040272 1378.477173
4.046077 1375.573853
4.051882 1372.514038
4.057687 1365.522217
4.063492 1360.966064
4.069297 1356.339722
4.075102 1351.724731
4.080907 1344.673584
4.086712 1340.188599
4.092517 1335.623291
4.098322 1331.056763
4.104127 1324.096436
4.109932 1319.692261
4.115737 1315.193604
4.121542 1310.677856
4.127347 1306.211548
4.133152 1299.471436
4.138957 1295.047119
4.144762 1290.587280
4.150567 1286.154297
4.156372 1279.516968
4.162177 1275.178223
4.167982 1270.781982
4.173787 1266.389771
4.179592 1259.816040
4.185397 1255.578491
4.191202 1251.257202
4.197007 1246.915649
4.202812 1242.606323
4.208617 1236.235107
4.214422 1232.004028
4.220227 1227.725952
4.226032 1223.452759
4.231837 1217.127441
4.237642 1213.009277
4.243447 1208.811279
4.249252 1204.590332
4.255057 1200.391113
4.260862 1194.251831
4.266667 1190.156860
4.272471 1186.007080
4.278276 1181.849854
4.284081 1177.725098
4.289886 1171.739746
4.295691 1167.685547
4.301497 1163.592163
4.307302 1159.500732
4.313107 1155.447754
4.318912 1149.600220
4.324717 1145.597534
4.330522 1141.565063
4.336327 1137.538940
4.342132 1133.553345
4.347937 1127.835571
4.353742 1123.891357
4.359547 1119.921875
4.365352 1115.960083
4.371157 1112.036865
4.376961 1106.444946
4.382766 1102.564453
4.388571 1098.659546
4.394376 1094.760498
4.400181 1090.895508
4.405986 1085.424683
4.411791 1081.612549
4.417596 1077.773804
4.423401 1073.937012
4.429206 1070.127563
4.435011 1064.768799
4.440816 1061.030151
4.446621 1057.260010
4.452426 1053.485962
4.458231 1049.731323
4.464036 1044.468994
4.469841 1040.810425
4.475646 1037.112793
4.481451 1033.403564
4.487256 1029.705078
4.493061 1026.037964
4.498866 1020.944092
4.504671 1017.324646
4.510476 1013.684326
4.516281 1010.045166
4.522086 1006.425781
4.527891 1001.418213
4.533696 997.885925
4.539501 994.320862
4.545306 990.746277
4.551111 987.180054
4.556916 983.639160
4.562721 978.782410
4.568526 975.302063
4.574331 971.799500
4.580136 968.293640
4.585941 964.800415
4.591746 961.335083
4.597551 956.612305
4.603356 953.192505
4.609161 949.756409
4.614966 946.320374
4.620771 942.898376
4.626576 939.504272
4.632381 934.907227
4.638186 931.553345
4.643991 928.185730
4.649796 924.819397
4.655601 921.466431
4.661406 918.139221
4.667211 913.662170
4.673016 910.377869
4.678821 907.080444
4.684626 903.783142
4.690431 900.497437
4.696236 897.233887
4.702041 892.869812
4.707846 889.658569
4.713651 886.432556
4.719456 883.204590
4.725261 879.984924
4.731066 876.783203
4.736871 872.519836
4.742676 869.385559
4.748481 866.233215
4.754286 863.075562
4.760091 859.922241
4.765896 856.782043
4.771701 853.663635
4.777506 849.547546
4.783311 846.472290
4.789115 843.387024
4.794920 840.301636
4.800725 837.224243
4.806530 834.162292
4.812335 831.123779
4.818141 827.137146
4.823946 824.128174
4.829751 821.113525
4.835556 818.101562
4.841361 815.098999
4.847166 812.112549
4.852971 808.210510
4.858776 805.284668
4.864581 802.345581
4.870386 799.403259
4.876191 796.464233
4.881996 793.534973
4.887800 790.620911
4.893605 786.836731
4.899410 783.981812
4.905215 781.114990
4.911020 778.245178
4.916825 775.378662
4.922630 772.520691
4.928435 769.676392
4.934240 766.851074
4.940045 763.217163
4.945850 760.424500
4.951655 757.627625
4.957460 754.832947
4.963265 752.045227
4.969070 749.268860
4.974875 746.508118
4.980680 742.977478
4.986485 740.260925
4.992290 737.538025
4.998095 734.815491
5.003900 732.097534
5.009705 729.388306
5.015510 726.691711
5.021315 724.011414
5.027120 720.609192
5.032925 717.962524
5.038730 715.312927
5.044535 712.665466
5.050340 710.023804
5.056145 707.391418
5.061950 704.771484
5.067755 702.167786
5.073560 698.884216
5.079365 696.310364
5.085170 693.735107
5.090975 691.162415
5.096780 688.595581
5.102585 686.037781
5.108390 683.491699
5.114195 680.960327
5.120000 677.788940
5.125805 675.289368
5.131610 672.788452
5.137415 670.290100
5.143220 667.797180
5.149025 665.312134
5.154830 662.837463
5.160635 660.375610
5.166440 657.307495
5.172245 654.883423
5.178050 652.457458
5.183855 650.032593
5.189660 647.612366
5.195465 645.198730
5.201270 642.793701
5.207075 640.399719
5.212880 638.018372
5.218685 635.073730
5.224490 632.723145
5.230295 630.372498
5.236100 628.024231
5.241905 625.681458
5.247710 623.345459
5.253515 621.018311
5.259320 618.701294
5.265125 616.396851
5.270930 613.565979
5.276735 611.290222
5.282540 609.015198
5.288345 606.743103
5.294150 604.476257
5.299954 602.215881
5.305759 599.963684
5.311564 597.721252
5.317369 595.489685
5.323174 592.764343
5.328979 590.564331
5.334785 588.364502
5.340590 586.167725
5.346395 583.975037
5.352200 581.788818
5.358005 579.609558
5.363810 577.439087
5.369615 575.277954
5.375420 573.127869
5.381225 570.522644
5.387030 568.398010
5.392835 566.275513
5.398640 564.156616
5.404444 562.042786
5.410249 559.934998
5.416054 557.834534
5.421859 555.742371
5.427664 553.659241
5.433469 551.586853
5.439274 549.092163
5.445079 547.043945
5.450884 544.997742
5.456689 542.955750
5.462494 540.918701
5.468299 538.887512
5.474104 536.863159
5.479909 534.846436
5.485714 532.838196
5.491519 530.839478
5.497324 528.850891
5.503129 526.474548
5.508934 524.504456
5.514739 522.537781
5.520544 520.575623
5.526349 518.618896
5.532154 516.668457
5.537959 514.724854
5.543764 512.788818
5.549569 510.860962
5.555374 508.941986
5.561179 506.662231
5.566984 504.767151
5.572789 502.874634
5.578594 500.985840
5.584399 499.101959
5.590204 497.223602
5.596009 495.351196
5.601814 493.485352
5.607619 491.626587
5.613424 489.775299
5.619229 487.932678
5.625034 486.098907
5.630839 483.937378
5.636644 482.121246
5.642449 480.308960
5.648254 478.501434
5.654059 476.698914
5.659864 474.901794
5.665669 473.110962
5.671474 471.326660
5.677279 469.549042
5.683084 467.779144
5.688889 466.017151
5.694694 464.263031
5.700499 462.210663
5.706304 460.473206
5.712109 458.739594
5.717914 457.010773
5.723719 455.287323
5.729524 453.568604
5.735329 451.856415
5.741134 450.149872
5.746939 448.450745
5.752744 446.757416
5.758549 445.072205
5.764354 443.393860
5.770159 441.443237
5.775964 439.782837
5.781769 438.125519
5.787574 436.473816
5.793379 434.825378
5.799184 433.183533
5.804989 431.546143
5.810794 429.914948
5.816598 428.290100
5.822403 426.670410
5.828208 425.058868
5.834013 423.452301
5.839818 421.854340
5.845623 420.008484
5.851429 418.426453
5.857234 416.848358
5.863039 415.274170
5.868844 413.705536
5.874649 412.140442
5.880454 410.581879
5.886259 409.028259
5.892064 407.480438
5.897869 405.938019
5.903674 404.402405
5.909479 402.872498
5.915284 401.348755
5.921088 399.832489
5.926893 398.094574
5.932698 396.591522
5.938503 395.093994
5.944308 393.600525
5.950113 392.110870
5.955918 390.626617
5.961723 389.147675
5.967528 387.673645
5.973333 386.205170
5.979138 384.742218
5.984943 383.284607
5.990748 381.832520
5.996553 380.387054
6.002358 378.948151
6.008163 377.309052
6.013968 375.883545
6.019773 374.462677
6.025578 373.046326
6.031383 371.633881
6.037188 370.226379
6.042993 368.823456
6.048798 367.425049
6.054603 366.032013
6.060408 364.644287
6.066213 363.261414
6.072018 361.883972
6.077823 360.511993
6.083628 359.145447
6.089433 357.784515
6.095238 356.429352
6.101043 354.898956
6.106848 353.556152
6.112653 352.217407
6.118458 350.882965
6.124263 349.552948
6.130068 348.227417
6.135873 346.906433
6.141678 345.590118
6.147483 344.278534
6.153288 342.971802
6.159093 341.670074
6.164898 340.373291
6.170703 339.081543
6.176508 337.794891
6.182313 336.513519
6.188118 335.237518
6.193923 333.806122
6.199728 332.542084
6.205533 331.282043
6.211338 330.026001
6.217143 328.774017
6.222948 327.526245
6.228753 326.283081
6.234558 325.044373
6.240363 323.809570
6.246168 322.579376
6.251973 321.354370
6.257778 320.133820
6.263583 318.917542
6.269388 317.706238
6.275193 316.499084
6.280998 315.296875
6.286803 314.101532
6.292608 312.909088
6.298413 311.582794
6.304218 310.399475
6.310023 309.222565
6.315828 308.048401
6.321633 306.879761
6.327438 305.713440
6.333242 304.550873
6.339047 303.394257
6.344852 302.241241
6.350657 301.091766
6.356462 299.947784
6.362267 298.807343
6.368073 297.670410
6.373878 296.539215
6.379683 295.413208
6.385488 294.289642
6.391293 293.169800
6.397098 292.058777
6.402903 290.826782
6.408708 289.722351
6.414513 288.621826
6.420318 287.527527
6.426123 286.432648
6.431927 285.345032
6.437732 284.261078
6.443537 283.178589
6.449342 282.102905
6.455147 281.029083
6.460952 279.960449
6.466757 278.894653
6.472562 277.834869
6.478367 276.777374
6.484172 275.723053
6.489977 274.676270
6.495782 273.628418
6.501587 272.591278
6.507392 271.552582
6.513197 270.520538
6.519002 269.387482
6.524807 268.363831
6.530612 267.345245
6.536417 266.326569
6.542222 265.316711
6.548027 264.304291
6.553832 263.302032
6.559637 262.297424
6.565442 261.301544
6.571247 260.305389
6.577052 259.315674
6.582857 258.327972
6.588662 257.344482
6.594467 256.365387
6.600272 255.387833
6.606077 254.417908
6.611882 253.445999
6.617687 252.485352
6.623492 251.519806
6.629297 250.566849
6.635102 249.610184
6.640907 248.662292
6.646712 247.626297
6.652517 246.685593
6.658322 245.748001
6.664127 244.811737
6.669932 243.882645
6.675737 242.949692
6.681542 242.028458
6.687347 241.106232
6.693152 240.187500
6.698957 239.274689
6.704762 238.360886
6.710567 237.454285
6.716372 236.549561
6.722177 235.649139
6.727982 234.749954
6.733787 233.857208
6.739592 232.966309
6.745397 232.076065
6.751202 231.196320
6.757007 230.313477
6.762812 229.434052
6.768617 228.564575
6.774422 227.691238
6.780227 226.825027
6.786032 225.887192
6.791837 225.030670
6.797642 224.168610
6.803447 223.319275
6.809252 222.469452
6.815057 221.619812
6.820862 220.775345
6.826667 219.935837
6.832472 219.100037
6.838277 218.260147
6.844081 217.431229
6.849886 216.602737
6.855691 215.777145
6.861496 214.954895
6.867301 214.135178
6.873106 213.318573
6.878911 212.503845
6.884717 211.698944
6.890522 210.889648
6.896327 210.084961
6.902132 209.281693
6.907937 208.486679
6.913742 207.695862
6.919547 206.899597
6.925352 206.113632
6.931157 205.325333
6.936962 204.484711
6.942767 203.703979
6.948571 202.933258
6.954376 202.155853
6.960181 201.383591
6.965986 200.620255
6.971791 199.854813
6.977596 199.093552
6.983401 198.336777
6.989206 197.578659
6.995011 196.822311
7.000816 196.073700
7.006621 195.327438
7.012426 194.582428
7.018231 193.840378
7.024036 193.100662
7.029841 192.363693
7.035646 191.630936
7.041451 190.902496
7.047256 190.174454
7.053061 189.447388
7.058866 188.724243
7.064671 188.004959
7.070476 187.288330
7.076281 186.573517
7.082086 185.861115
7.087891 185.152161
7.093696 184.447281
7.099501 183.745682
7.105306 182.994263
7.111111 182.297195
7.116916 181.603378
7.122721 180.912231
7.128526 180.223358
7.134331 179.536606
7.140136 178.851990
7.145941 178.169662
7.151746 177.489777
7.157551 176.812469
7.163356 176.137833
7.169161 175.465836
7.174966 174.796463
7.180771 174.129669
7.186576 173.465393
7.192381 172.803665
7.198186 172.144394
7.203991 171.487625
7.209796 170.833389
7.215601 170.181702
7.221406 169.532532
7.227211 168.885925
7.233016 168.241852
7.238821 167.600388
7.244626 166.961548
7.250431 166.325241
7.256236 165.691330
7.262041 165.059555
7.267846 164.429672
7.273651 163.801590
7.279456 163.175476
7.285261 162.551758
7.291066 161.931015
7.296871 161.279541
7.302676 160.662338
7.308481 160.048141
7.314286 159.438248
7.320091 158.831940
7.325896 158.227432
7.331701 157.623413
7.337506 157.020554
7.343311 156.421295
7.349116 155.827469
7.354921 155.236664
7.360725 154.642807
7.366530 154.047775
7.372335 153.458282
7.378140 152.874298
7.383945 152.292801
7.389750 151.712112
7.395555 151.133514
7.401361 150.556763
7.407166 149.979355
7.412971 149.407150
7.418776 148.840515
7.424581 148.273956
7.430386 147.706558
7.436191 147.143234
7.441996 146.579224
7.447801 146.010910
7.453606 145.460648
7.459411 144.916718
7.465215 144.359268
7.471020 143.803818
7.476825 143.256622
7.482630 142.700500
7.488435 142.160706
7.494240 141.632385
7.500045 141.079086
7.505850 140.540497
7.511655 139.972427
7.517460 139.452118
7.523265 138.905365
7.529070 138.387238
7.534875 137.861694
7.540680 137.317795
7.546485 136.807739
7.552290 136.277740
7.558095 135.774918
7.563900 135.245087
7.569705 134.719086
7.575510 134.214706
7.581315 133.703506
7.587120 133.204498
7.592925 132.673874
7.598730 132.175827
7.604535 131.672668
7.610340 131.179016
7.616145 130.665100
7.621950 130.169922
7.627755 129.675720
7.633560 129.179153
7.639365 128.685272
7.645170 128.198059
7.650975 127.708618
7.656780 127.207443
7.662585 126.738708
7.668390 126.254990
7.674195 125.767563
7.680000 125.269073
7.685805 124.825699
7.691610 124.336449
7.697415 123.844398
7.703220 123.383621
7.709025 122.928154
7.714830 122.445587
7.720635 121.953682
7.726440 121.535568
7.732245 121.045952
7.738050 120.573944
7.743855 120.136818
7.749660 119.662758
7.755465 119.214821
7.761270 118.752991
7.767075 118.288086
7.772880 117.817490
7.778685 117.390762
7.784490 116.935905
7.790295 116.478096
7.796100 116.047256
7.801905 115.604538
7.807710 115.151909
7.813515 114.718414
7.819320 114.291847
7.825125 113.835709
7.830930 113.407173
7.836735 112.996109
7.842540 112.530418
7.848345 112.113411
7.854150 111.712364
7.859955 111.242157
7.865760 110.836220
7.871564 110.434082
7.877369 109.977562
7.883174 109.575996
7.888979 109.161163
7.894784 108.733719
7.900589 108.328590
7.906394 107.906517
7.912199 107.501640
7.918005 107.081818
7.923810 106.685753
7.929615 106.275307
7.935420 105.853966
7.941225 105.476768
7.947030 105.039444
7.952835 104.676544
7.958640 104.266235
7.964445 103.831749
7.970250 103.493942
7.976054 103.039864
7.981859 102.702957
7.987664 102.289040
7.993469 101.861374
7.999274 101.773468
